%M1 = [6.5223 68.305 1.182]; %% millimeter
%M2 = [80.598 72.229 101.174];
%M3 = [7.653 70.319 151.087];

%% Racecar
M1 = [11.872 139.252 137.829]; % millimeter M1
M2 = [11.912 142.632 14.719]; % M2
M3 = [-76.258 159.723 20.882]; % M3

%% Calc
a = 0.334987341230606;
b = 0.353482563582963;
c = 0.313309841578221;

P = a*M1+b*M3+c*M2;
