M1 = [6.5223 68.305 1.182];
M2 = [80.598 72.229 101.174];
M3 = [7.653 70.319 151.087];


C = [0.86 16.23 1.73];

% = [1.1307 2.0140 149.905]; %B - A / from A to B
%CA = [74.0757 3.9240 99.992]; %C - A / from A to C


A = C + M1-M2;
B = C + M3-M2;